PARTCIPANT05068-000 05068 11.650000 12.740000
PARTCIPANT05068-001 05068 15.800000 19.770000
PARTCIPANT05068-002 05068 20.500000 21.500000
PARTCIPANT05068-003 05068 23.300000 25.900000
PARTCIPANT05068-004 05068 27.100000 27.500000
PARTCIPANT05068-005 05068 28.900000 33.200000
PARTCIPANT05068-006 05068 35.350000 35.850000
PARTCIPANT05068-007 05068 47.300000 48.190000
PARTCIPANT05068-008 05068 48.600000 52.440000
PARTCIPANT05068-009 05068 75.350000 75.760000
PARTCIPANT05068-010 05068 93.620000 94.200000
PARTICIPANT07920-000 07920 5.300000 9.870000
PARTICIPANT07920-001 07920 12.200000 15.000000
PARTICIPANT07920-002 07920 22.400000 34.000000
PARTICIPANT07920-003 07920 34.800000 35.300000
P11739-000 11739 9.100000 9.400000
P11739-001 11739 20.000000 21.300000
P11739-002 11739 25.100000 26.500000
P11739-003 11739 29.400000 29.700000
P11739-004 11739 31.200000 31.290000
P11739-005 11739 33.750000 38.200000
P11739-006 11739 43.900000 46.450000
P11739-007 11739 51.800000 52.200000
P11739-008 11739 53.100000 53.500000
PARTCIPANT16486-000 16486 10.400000 11.100000
PARTCIPANT16486-001 16486 16.000000 19.900000
PARTCIPANT16486-002 16486 20.900000 21.400000
PARTICIPANT18771-000 18771 11.500000 12.800000
PARTICIPANT18771-001 18771 13.900000 19.100000
PARTICIPANT18771-002 18771 24.900000 26.800000
PARTICIPANT18771-003 18771 29.900000 30.600000
PARTCIPANT23789-000 23789 7.500000 7.900000
PARTCIPANT23789-001 23789 14.000000 14.600000
PARTCIPANT23789-002 23789 16.200000 17.500000
PARTCIPANT23789-003 23789 22.700000 24.600000
PARTCIPANT23789-004 23789 36.600000 40.600000
PARTCIPANT23789-005 23789 43.300000 43.700000
PARTICIPANT25066-000 25066 13.000000 16.100000
PARTICIPANT25066-001 25066 18.700000 20.670000
PARTICIPANT25066-002 25066 22.900000 27.600000
PARTICIPANT25066-003 25066 28.300000 31.000000
PARTICIPANT25066-004 25066 40.300000 40.800000
PARTICIPANT25066-005 25066 44.300000 46.200000
PARTICIPANT25066-006 25066 47.100000 47.700000
PARTICIPANT25066-007 25066 49.000000 49.500000
PARTICIPANT25066-008 25066 52.100000 54.250000
PARTICIPANT25066-009 25066 57.300000 59.170000
PARTICIPANT25066-010 25066 66.200000 67.300000
PARTICIPANT25066-011 25066 69.500000 72.400000
PARTICIPANT25066-012 25066 73.850000 76.300000
PARTICIPANT25066-013 25066 78.800000 79.600000
PARTICIPANT25066-014 25066 80.700000 81.300000
PARTICIPANT25066-015 25066 84.930000 85.800000
PARTICIPANT25066-016 25066 86.800000 88.400000
PARTICIPANT26753-000 26753 0.000000 8.010000
PARTICIPANT26753-001 26753 9.500000 10.370000
PARTICIPANT26753-002 26753 23.300000 29.700000
PARTICIPANT26753-003 26753 31.400000 32.350000
PARTICIPANT26753-004 26753 67.800000 69.300000
PARTICIPANT26753-005 26753 70.000000 71.000000
PARTICIPANT26753-006 26753 75.700000 77.600000
PARTICIPANT26753-007 26753 86.900000 87.900000
PARTICIPANT26753-008 26753 93.400000 100.300000
PARTICIPANT26753-009 26753 100.900000 107.100000
PARTICIPANT26753-010 26753 107.600000 119.900000
PARTICIPANT26753-011 26753 120.600000 120.800000
PARTICIPANT26753-012 26753 125.300000 126.500000
PARTICIPANT26753-013 26753 129.350000 130.740000
PARTICIPANT26753-014 26753 131.300000 138.110000
PARTICIPANT26753-015 26753 138.800000 145.500000
PARTICIPANT26753-016 26753 147.500000 149.700000
PARTICIPANT26753-017 26753 150.500000 166.300000
PARTICIPANT26753-018 26753 169.600000 170.700000
PARTICIPANT26753-019 26753 172.500000 174.400000
PARTICIPANT26753-020 26753 175.990000 176.550000
PARTICIPANT26753-021 26753 178.800000 195.780000
PARTICIPANT26753-022 26753 220.200000 223.800000
PARTICIPANT26753-023 26753 224.570000 236.950000
PARTICIPANT26753-024 26753 264.600000 267.400000
PARTICIPANT26753-025 26753 267.900000 306.900000
P29735-000 29735 10.000000 10.700000
PARTICIPANT29758-000 29758 12.650000 16.990000
PARTICIPANT29758-001 29758 19.100000 24.000000
PARTICIPANT29758-002 29758 25.400000 27.150000
PARTICIPANT29758-003 29758 28.700000 30.700000
PARTICIPANT29758-004 29758 31.100000 34.400000
PARTICIPANT29758-005 29758 42.570000 53.700000
PARTICIPANT29758-006 29758 57.300000 57.990000
PARTICIPANT29758-007 29758 58.200000 59.700000
PARTICIPANT35063-000 35063 9.900000 10.200000
PARTICIPANT35063-001 35063 11.750000 12.150000
PARTICIPANT35063-002 35063 17.200000 17.900000
PARTICIPANT35063-003 35063 24.500000 32.000000
PARTICIPANT35063-004 35063 34.600000 37.600000
PARTICIPANT35063-005 35063 40.000000 40.900000
PARTICIPANT35063-006 35063 44.700000 50.500000
PARTICIPANT35063-007 35063 52.500000 61.800000
PARTICIPANT35063-008 35063 65.100000 77.400000
PARTICIPANT44209-000 44209 12.600000 13.000000
PARTICIPANT44209-001 44209 18.000000 27.900000
PARTICIPANT44209-002 44209 28.400000 29.300000
PARTICIPANT44209-003 44209 29.750000 32.200000
PARTICIPANT44209-004 44209 41.180000 45.400000
PARTICIPANT44209-005 44209 48.600000 50.130000
PARTICIPANT44209-006 44209 50.130000 63.580000
PARTICIPANT44209-007 44209 63.580000 70.100000
PARTICIPANT44209-008 44209 70.800000 73.300000
PARTICIPANT44209-009 44209 74.900000 76.950000
PARTICIPANT44209-010 44209 81.600000 82.200000
PARTICIPANT44209-011 44209 85.100000 88.800000
PARTICIPANT44574-000 44574 56.500000 58.600000
PARTICIPANT44574-001 44574 65.700000 70.700000
PARTICIPANT44574-002 44574 76.550000 77.400000
PARTICIPANT44574-003 44574 83.300000 85.400000
PARTICIPANT44574-004 44574 87.200000 87.900000
PARTICIPANT44574-005 44574 89.900000 91.100000
PARTICIPANT44574-006 44574 94.200000 95.600000
PARTICIPANT44574-007 44574 96.900000 97.400000
PARTICIPANT44574-008 44574 130.700000 132.300000
PARTCIPANT45758-000 45758 5.300000 6.000000
PARTCIPANT45758-001 45758 9.600000 14.500000
PARTCIPANT45758-002 45758 15.300000 17.900000
PARTCIPANT45758-003 45758 19.950000 29.400000
PARTCIPANT45758-004 45758 31.500000 34.700000
PARTCIPANT45758-005 45758 35.100000 35.900000
PARTCIPANT45758-006 45758 47.170000 47.600000
PARTCIPANT45758-007 45758 51.200000 53.200000
PARTICIPANT46352-000 46352 7.100000 8.450000
PARTICIPANT46352-001 46352 11.350000 19.500000
PARTICIPANT46352-002 46352 20.400000 23.360000
PARTICIPANT46352-003 46352 26.850000 28.250000
PARTICIPANT46352-004 46352 28.250000 29.700000
PARTICIPANT47647-000 47647 14.700000 18.000000
PARTICIPANT47647-001 47647 19.900000 22.500000
PARTICIPANT47647-002 47647 25.600000 28.100000
PARTICIPANT47647-003 47647 29.800000 30.200000
PARTICIPANT47647-004 47647 32.300000 33.800000
PARTICIPANT47647-005 47647 36.700000 37.700000
PARTICIPANT47939-000 47939 6.600000 7.800000
PARTICIPANT47939-001 47939 11.900000 12.200000
PARTICIPANT47939-002 47939 15.170000 17.900000
PARTICIPANT47939-003 47939 20.700000 23.200000
PARTICIPANT47939-004 47939 24.170000 25.500000
PARTICIPANT47939-005 47939 36.000000 40.200000
PARTICIPANT47939-006 47939 41.000000 45.650000
PARTICIPANT47939-007 47939 46.140000 47.300000
PARTICIPANT47939-008 47939 47.900000 50.000000
PARTICIPANT47939-009 47939 54.320000 58.400000
PARTICIPANT47939-010 47939 60.000000 68.250000
PARTICIPANT47939-011 47939 72.700000 74.200000
PARTICIPANT47939-012 47939 77.000000 78.000000
PARTICIPANT47939-013 47939 81.500000 81.800000
PARTICIPANT47939-014 47939 83.200000 89.000000
PARTICIPANT47939-015 47939 91.000000 95.300000
PARTICIPANT47939-016 47939 96.400000 98.500000
PARTICIPANT47939-017 47939 99.200000 101.400000
PARTICIPANT47939-018 47939 101.400000 102.600000
PARTICIPANT47939-019 47939 106.200000 106.900000
PARTICIPANT52053-000 52053 8.000000 10.150000
PARTICIPANT52053-001 52053 12.300000 13.600000
PARTICIPANT52053-002 52053 16.400000 17.480000
PARTICIPANT52053-003 52053 18.600000 19.500000
PARTICIPANT52053-004 52053 22.600000 26.000000
PARTICIPANT52053-005 52053 34.900000 41.000000
PARTICIPANT52053-006 52053 41.500000 44.500000
PARTICIPANT52053-007 52053 48.600000 49.300000
PARTICIPANT52053-008 52053 50.000000 50.700000
PARTICIPANT52053-009 52053 58.800000 61.700000
PARTICIPANT52053-010 52053 66.650000 67.000000
PARTICIPANT52053-011 52053 67.900000 70.100000
PARTICIPANT52053-012 52053 70.700000 71.300000
PARTICIPANT52053-013 52053 72.300000 72.600000
PARTICIPANT52053-014 52053 76.200000 84.000000
PARTICIPANT56896-000 56896 72.900000 76.900000
PARTICIPANT56896-001 56896 78.800000 80.600000
PARTICIPANT56896-002 56896 84.300000 89.900000
PARTICIPANT56896-003 56896 91.200000 92.400000
PARTICIPANT56896-004 56896 96.300000 102.600000
PARTICIPANT56896-005 56896 104.500000 106.300000
PARTICIPANT56896-006 56896 107.800000 111.400000
PARTICIPANT56896-007 56896 114.500000 114.800000
PARTICIPANT56896-008 56896 116.200000 117.700000
PARTICIPANT56896-009 56896 119.100000 120.900000
PARTICIPANT56896-010 56896 122.500000 124.400000
PARTICIPANT56896-011 56896 128.200000 130.900000
PARTICIPANT56896-012 56896 133.900000 136.700000
PARTICIPANT56896-013 56896 149.800000 150.200000
PARTICIPANT56896-014 56896 153.500000 154.000000
PARTICIPANT56896-015 56896 210.900000 211.700000
PARTICIPANT56896-016 56896 217.900000 219.000000
PARTICIPANT56896-017 56896 223.100000 229.150000
PARTICIPANT56896-018 56896 296.600000 298.100000
PARTICIPANT56896-019 56896 321.300000 322.000000
PARTICIPANT56896-020 56896 323.500000 324.800000
PARTICIPANT56896-021 56896 343.000000 343.800000
PARTICIPANT56896-022 56896 348.200000 351.000000
PARTICIPANT56896-023 56896 418.100000 420.100000
PARTICIPANT56896-024 56896 421.500000 423.600000
PARTICIPANT56896-025 56896 432.100000 433.000000
PARTICIPANT56896-026 56896 478.300000 481.300000
PARTICIPANT56896-027 56896 489.500000 493.100000
PARTICIPANT56896-028 56896 612.800000 613.900000
PARTICIPANT56896-029 56896 620.700000 624.600000
PARTICIPANT56896-030 56896 641.700000 642.400000
PARTICIPANT56896-031 56896 700.900000 705.400000
PARTICIPANT56896-032 56896 720.200000 721.300000
PARTICIPANT56896-033 56896 736.900000 738.300000
PARTICIPANT58812-000 58812 10.500000 13.470000
PARTICIPANT58812-001 58812 14.680000 18.670000
PARTICIPANT58812-002 58812 18.670000 19.700000
PARTICIPANT58812-003 58812 21.570000 22.870000
PARTICIPANT58812-004 58812 23.600000 26.100000
PARTICIPANT61496-000 61496 12.800000 14.850000
PARTICIPANT61496-001 61496 16.220000 16.400000
PARTICIPANT61496-002 61496 19.200000 21.400000
PARTICIPANT61496-003 61496 25.400000 28.300000
PARTICIPANT61496-004 61496 29.750000 32.000000
PARTICIPANT61496-005 61496 32.800000 33.750000
PARTICIPANT61496-006 61496 42.700000 46.400000
PARTICIPANT61496-007 61496 54.000000 57.400000
PARTICIPANT61496-008 61496 60.250000 63.790000
PARTICIPANT61496-009 61496 66.000000 66.400000
PARTICIPANT68117-000 68117 13.900000 19.200000
PARTICIPANT68117-001 68117 21.800000 24.200000
PARTICIPANT68117-002 68117 33.400000 35.000000
PARTICIPANT68117-003 68117 36.800000 40.300000
PARTICIPANT68117-004 68117 41.000000 41.600000
PARTICIPANT68117-005 68117 49.100000 54.700000
PARTICIPANT68117-006 68117 54.700000 56.400000
PARTICIPANT68117-007 68117 56.800000 59.300000
PARTICIPANT68117-008 68117 59.300000 63.300000
PARTICIPANT68117-009 68117 63.900000 64.800000
PARTICIPANT71834-000 71834 15.900000 34.700000
PARTICIPANT71834-001 71834 35.800000 43.600000
PARTICIPANT71834-002 71834 44.700000 61.000000
PARTICIPANT71834-003 71834 62.000000 62.700000
PARTICIPANT71834-004 71834 66.800000 68.300000
PARTICIPANT71834-005 71834 69.000000 70.000000
PARTICIPANT71834-006 71834 71.000000 75.000000
PARTICIPANT71834-007 71834 75.100000 76.000000
PARTICIPANT71834-008 71834 78.400000 79.500000
PARTICIPANT71834-009 71834 83.800000 84.400000
PARTICIPANT71834-010 71834 85.500000 86.700000
PARTCIPANT75256-000 75256 10.750000 14.400000
PARTCIPANT75256-001 75256 16.500000 17.900000
PARTCIPANT75256-002 75256 30.700000 32.220000
PARTCIPANT75256-003 75256 36.900000 41.750000
PARTCIPANT75256-004 75256 42.900000 43.950000
PARTICIPANT76373-000 76373 12.500000 16.400000
PARTICIPANT76373-001 76373 19.700000 24.200000
PARTICIPANT76373-002 76373 28.300000 29.200000
PARTICIPANT76373-003 76373 29.800000 31.900000
PARTICIPANT76373-004 76373 32.700000 38.500000
PARTICIPANT76373-005 76373 45.500000 46.000000
PARTICIPANT78080-000 78080 5.500000 16.300000
PARTICIPANT78080-001 78080 18.400000 21.970000
PARTICIPANT78080-002 78080 23.900000 25.100000
PARTICIPANT78080-003 78080 27.600000 28.700000
PARTICIPANT78080-004 78080 37.850000 42.480000
PARTICIPANT78080-005 78080 44.300000 48.900000
PARTICIPANT78080-006 78080 49.900000 51.880000
PARTICIPANT80292-000 80292 34.800000 37.700000
PARTICIPANT80292-001 80292 41.300000 41.900000
PARTICIPANT80292-002 80292 45.400000 46.800000
PARTICIPANT80292-003 80292 48.000000 50.500000
PARTICIPANT80292-004 80292 61.200000 62.500000
PARTICIPANT80292-005 80292 71.400000 73.000000
PARTICIPANT80292-006 80292 76.000000 77.000000
PARTICIPANT80292-007 80292 80.700000 81.700000
PARTICIPANT80292-008 80292 85.300000 86.500000
PARTICIPANT81392-000 81392 6.200000 8.700000
PARTICIPANT81392-001 81392 11.500000 12.900000
PARTICIPANT81392-002 81392 15.200000 15.700000
PARTICIPANT81392-003 81392 18.900000 19.600000
PARTICIPANT81392-004 81392 24.600000 27.400000
PARTICIPANT81392-005 81392 29.200000 32.800000
PARTICIPANT81392-006 81392 33.700000 37.500000
PARTICIPANT81392-007 81392 38.500000 45.100000
PARTICIPANT81392-008 81392 45.800000 56.800000
PARTICIPANT81392-009 81392 57.200000 59.100000
PARTICIPANT81392-010 81392 60.000000 63.200000
PARTICIPANT81392-011 81392 63.700000 69.700000
PARTICIPANT81392-012 81392 71.100000 76.000000
PARTICIPANT81392-013 81392 81.700000 92.100000
PARTICIPANT81392-014 81392 93.100000 98.500000
PARTICIPANT81392-015 81392 104.700000 105.700000
PARTICIPANT81392-016 81392 106.700000 107.500000
PARTICIPANT81392-017 81392 111.300000 112.800000
PARTICIPANT81392-018 81392 114.200000 125.200000
PARTICIPANT81392-019 81392 125.500000 138.900000
PARTICIPANT81392-020 81392 139.600000 148.000000
PARTICIPANT81392-021 81392 148.800000 164.500000
PARTICIPANT81392-022 81392 165.600000 170.800000
PARTICIPANT81392-023 81392 171.800000 175.400000
PARTICIPANT81392-024 81392 175.800000 177.700000
PARTICIPANT81392-025 81392 178.400000 181.700000
PARTICIPANT81392-026 81392 182.300000 186.500000
PARTICIPANT81392-027 81392 187.000000 190.200000
PARTICIPANT81392-028 81392 190.700000 202.300000
PARTICIPANT81392-029 81392 202.800000 207.700000
PARTICIPANT81392-030 81392 208.000000 210.600000
PARTICIPANT81392-031 81392 211.400000 212.800000
PARTICIPANT81392-032 81392 216.300000 217.300000
PARTICIPANT81392-033 81392 219.000000 223.600000
PARTICIPANT81392-034 81392 225.400000 227.400000
PARTICIPANT81392-035 81392 228.100000 245.700000
PARTICIPANT81392-036 81392 246.600000 252.000000
PARTICIPANT81392-037 81392 252.800000 255.100000
PARTICIPANT81392-038 81392 255.700000 265.000000
PARTICIPANT81392-039 81392 265.500000 267.500000
PARTICIPANT81392-040 81392 268.000000 271.700000
PARTICIPANT81392-041 81392 272.400000 287.500000
PARTICIPANT81392-042 81392 288.300000 310.900000
PARTCIPANT82975-000 82975 11.500000 13.400000
PARTCIPANT82975-001 82975 14.900000 16.100000
PARTCIPANT82975-002 82975 18.400000 19.700000
PARTCIPANT82975-003 82975 23.200000 26.300000
PARTCIPANT82975-004 82975 27.000000 29.000000
PARTCIPANT82975-005 82975 31.900000 32.900000
PARTCIPANT82975-006 82975 33.900000 35.500000
PARTCIPANT82975-007 82975 36.400000 36.800000
PARTCIPANT82975-008 82975 37.700000 38.400000
PARTCIPANT82975-009 82975 39.300000 40.600000
PARTCIPANT82975-010 82975 43.700000 44.000000
PARTICIPANT87083-000 87083 7.900000 10.300000
PARTICIPANT87083-001 87083 13.000000 17.800000
PARTICIPANT87083-002 87083 20.600000 29.000000
PARTICIPANT87083-003 87083 29.000000 32.000000
PARTICIPANT87083-004 87083 35.600000 41.340000
PARTICIPANT87083-005 87083 46.900000 47.600000
PARTICIPANT87083-006 87083 51.400000 52.900000
PARTICIPANT87083-007 87083 53.800000 59.500000
PARTICIPANT87083-008 87083 60.300000 62.400000
PARTICIPANT87083-009 87083 62.400000 65.000000
PARTICIPANT87083-010 87083 70.100000 74.900000
PARTICIPANT87083-011 87083 75.000000 76.800000
PARTICIPANT87083-012 87083 98.900000 100.000000
PARTICIPANT87083-013 87083 101.800000 102.700000
PARTICIPANT87083-014 87083 105.900000 109.500000
PARTICIPANT87083-015 87083 112.700000 113.400000
PARTICIPANT87083-016 87083 118.000000 122.500000
PARTICIPANT87083-017 87083 125.500000 126.100000
PARTICIPANT87083-018 87083 139.500000 141.700000
PARTICIPANT87083-019 87083 150.200000 153.000000
PARTICIPANT87083-020 87083 160.800000 163.400000
PARTICIPANT87083-021 87083 164.600000 166.400000
PARTICIPANT87083-022 87083 200.900000 201.800000
PARTICIPANT87083-023 87083 208.900000 211.000000
PARTICIPANT87083-024 87083 211.550000 213.500000
PARTICIPANT87083-025 87083 217.000000 222.500000
PARTICIPANT87083-026 87083 223.800000 226.700000
PARTICIPANT87083-027 87083 229.550000 229.900000
PARTICIPANT87083-028 87083 243.100000 247.900000
PARTICIPANT87083-029 87083 248.100000 251.700000
PARTICIPANT87083-030 87083 258.400000 260.200000
PARTICIPANT87083-031 87083 261.000000 264.000000
PARTICIPANT88947-000 88947 5.800000 8.350000
PARTICIPANT88947-001 88947 11.900000 14.600000
PARTICIPANT88947-002 88947 19.400000 20.400000
PARTICIPANT88947-003 88947 21.300000 27.900000
PARTICIPANT88947-004 88947 28.450000 29.300000
PARTICIPANT88947-005 88947 30.000000 30.900000
PARTICIPANT88947-006 88947 31.400000 31.800000
PARTICIPANT88947-007 88947 32.700000 35.600000
PARTICIPANT88947-008 88947 36.000000 40.000000
PARTICIPANT88947-009 88947 43.100000 43.700000
PARTICIPANT88947-010 88947 47.250000 48.000000
PARTICIPANT91117-000 91117 6.300000 8.100000
PARTICIPANT91117-001 91117 10.300000 12.700000
PARTICIPANT91117-002 91117 16.170000 17.200000
PARTICIPANT91117-003 91117 17.740000 18.080000
PARTICIPANT91117-004 91117 19.950000 20.860000
PARTICIPANT91117-005 91117 21.800000 22.000000
PARTICIPANT91117-006 91117 23.400000 25.150000
PARTICIPANT95407-000 95407 0.000000 5.100000
PARTICIPANT95407-001 95407 5.800000 7.300000
PARTICIPANT95407-002 95407 7.800000 8.300000
PARTICIPANT95407-003 95407 11.480000 12.130000
PARTICIPANT95407-004 95407 13.700000 42.900000
PARTICIPANT95407-005 95407 43.700000 49.400000
PARTICIPANT95407-006 95407 71.800000 73.200000
PARTICIPANT95465-000 95465 16.100000 19.600000
PARTICIPANT95465-001 95465 20.500000 21.800000
PARTICIPANT95465-002 95465 24.500000 25.800000
PARTICIPANT95465-003 95465 27.400000 29.200000
PARTICIPANT95465-004 95465 30.300000 32.700000
PARTICIPANT95465-005 95465 35.300000 43.200000
PARTICIPANT95465-006 95465 44.500000 46.100000
PARTICIPANT95465-007 95465 47.100000 53.000000
PARTICIPANT95465-008 95465 55.600000 56.100000
PARTICIPANT95465-009 95465 61.000000 65.700000
PARTICIPANT95465-010 95465 67.900000 80.300000
PARTICIPANT95465-011 95465 80.800000 83.400000
PARTICIPANT95465-012 95465 84.000000 85.200000
PARTICIPANT95465-013 95465 88.900000 91.400000
PARTICIPANT95465-014 95465 91.600000 95.000000
