PARTCIPANT82975-001 82975 11.500000 13.400000
PARTCIPANT82975-003 82975 14.900000 16.100000
PARTCIPANT82975-005 82975 18.400000 19.700000
PARTCIPANT82975-007 82975 23.200000 26.300000
PARTCIPANT82975-009 82975 27.000000 29.000000
PARTCIPANT82975-011 82975 31.900000 32.900000
PARTCIPANT82975-013 82975 33.900000 35.500000
PARTCIPANT82975-015 82975 36.400000 36.800000
PARTCIPANT82975-017 82975 37.700000 38.400000
PARTCIPANT82975-019 82975 39.300000 40.600000
PARTCIPANT82975-021 82975 43.700000 44.000000
