PARTICIPANT69695-001 69695 44.830000 45.750000
PARTICIPANT69695-003 69695 50.870000 52.000000
PARTICIPANT69695-005 69695 54.400000 55.400000
PARTICIPANT69695-007 69695 55.700000 56.300000
PARTICIPANT69695-011 69695 62.300000 62.500000
PARTICIPANT69695-014 69695 64.850000 71.540000
PARTICIPANT69695-019 69695 85.970000 86.750000
PARTICIPANT69695-021 69695 88.300000 95.100000
PARTICIPANT69695-023 69695 95.500000 99.000000
PARTICIPANT69695-025 69695 99.900000 102.200000
PARTICIPANT69695-027 69695 102.750000 104.400000
PARTICIPANT69695-029 69695 106.200000 109.700000
PARTICIPANT69695-031 69695 110.100000 112.950000
PARTICIPANT69695-033 69695 113.200000 114.500000
PARTICIPANT69695-035 69695 115.200000 117.500000
PARTICIPANT69695-037 69695 119.200000 125.100000
PARTICIPANT69695-039 69695 125.500000 126.500000
PARTICIPANT69695-041 69695 128.900000 132.600000
PARTICIPANT69695-043 69695 137.700000 138.500000
PARTICIPANT69695-045 69695 139.300000 141.970000
PARTICIPANT69695-047 69695 142.300000 147.000000
PARTICIPANT69695-049 69695 150.970000 151.500000
PARTICIPANT69695-051 69695 152.650000 153.300000
PARTICIPANT69695-055 69695 168.200000 172.300000
PARTICIPANT69695-057 69695 172.900000 181.100000
PARTICIPANT69695-059 69695 181.790000 186.900000
PARTICIPANT69695-061 69695 187.400000 197.400000
PARTICIPANT69695-063 69695 197.900000 207.900000
PARTICIPANT69695-065 69695 208.400000 212.500000
PARTICIPANT69695-067 69695 213.000000 220.600000
PARTICIPANT69695-069 69695 221.400000 228.900000
PARTICIPANT69695-071 69695 229.500000 244.570000
PARTICIPANT69695-073 69695 245.500000 246.550000
PARTICIPANT69695-075 69695 247.500000 248.280000
PARTICIPANT69695-077 69695 249.400000 252.000000
PARTICIPANT69695-079 69695 252.600000 257.900000
