25066_0 25066 1959.800000 1987.400000
44574_0 44574 4699.800000 4713.400000
44574_0 44574 4699.800000 4706.400000
18771_0 18771 1793.400000 1827.100000
95465_0 95465 2471.300000 2482.700000
13691_0 13691 2118.200000 2134.200000
47647_0 47647 2512.500000 2521.500000
35063_0 35063 3271.100000 3276.300000
42080_0 42080 5258.500000 5264.800000
32762_0 32762 3853.100000 3864.800000
32762_0 32762 3853.100000 3861.500000
76373_0 76373 1382.200000 1390.800000
45758_0 45758 2926.700000 2948.600000
38717_0 38717 4476.800000 4491.700000
68117_0 68117 2380.300000 2392.400000
00359_0 00359 5872.200000 5890.100000
81392_0 81392 1743.000000 1748.650000
73828_0 73828 3287.900000 3307.700000
95407_0 95407 4609.700000 4613.900000
56896_0 56896 7139.600000 7162.500000
05068_0 05068 2531.600000 2542.100000
05068_0 05068 2531.600000 2539.600000
26753_0 26753 3560.200000 3594.000000
29735_0 29735 1996.700000 2020.900000
53870_0 53870 3722.900000 3728.700000
24371_0 24371 4279.300000 4283.400000
47939_0 47939 2505.300000 2517.400000
50377_0 50377 3343.000000 3366.700000
78597_0 78597 6359.900000 6372.000000
16486_0 16486 2233.700000 2258.400000
80292_0 80292 4591.700000 4595.200000
55029_0 55029 3560.700000 3564.300000
58812_0 58812 2086.100000 2101.600000
44209_0 44209 2602.800000 2616.600000
07920_0 07920 2659.100000 2669.100000
18261_0 18261 4680.500000 4692.600000
11739_0 11739 2718.600000 2730.600000
33752_0 33752 6468.600000 6481.100000
33752_0 33752 6468.600000 6473.500000
61496_0 61496 2463.600000 2490.200000
88947_0 88947 2000.200000 2016.100000
