PARTICIPANT76883-001 76883 19.300000 21.900000
PARTICIPANT76883-003 76883 25.000000 26.100000
PARTICIPANT76883-005 76883 26.800000 31.850000
PARTICIPANT76883-007 76883 32.400000 34.800000
PARTICIPANT76883-009 76883 37.700000 38.100000
PARTICIPANT76883-011 76883 39.200000 41.400000
PARTICIPANT78080-001 78080 5.500000 16.300000
PARTICIPANT78080-003 78080 18.400000 21.970000
PARTICIPANT78080-005 78080 23.900000 25.100000
PARTICIPANT78080-007 78080 27.600000 28.700000
PARTICIPANT78080-009 78080 37.850000 42.480000
PARTICIPANT78080-011 78080 44.300000 48.900000
PARTICIPANT78080-013 78080 49.900000 51.880000
PARTICIPANT78971-001 78971 7.300000 8.100000
PARTICIPANT78971-003 78971 17.200000 19.800000
PARTICIPANT78971-005 78971 23.600000 24.700000
PARTICIPANT78971-007 78971 29.400000 32.000000
