PARTICIPANT29758-001 29758 12.650000 16.990000
PARTICIPANT29758-003 29758 19.100000 24.000000
PARTICIPANT29758-005 29758 25.400000 27.150000
PARTICIPANT29758-007 29758 28.700000 30.700000
PARTICIPANT29758-009 29758 31.100000 34.400000
PARTICIPANT29758-011 29758 42.570000 53.700000
PARTICIPANT29758-013 29758 57.300000 57.990000
PARTICIPANT29758-015 29758 58.200000 59.700000
PARTICIPANT46352-001 46352 7.100000 8.450000
PARTICIPANT46352-003 46352 11.350000 19.500000
PARTICIPANT46352-005 46352 20.400000 23.360000
PARTICIPANT46352-007 46352 26.850000 28.250000
PARTICIPANT46352-009 46352 28.250000 29.700000
