PARTICIPANT87083-001 87083 7.900000 10.300000
PARTICIPANT87083-003 87083 13.000000 17.800000
PARTICIPANT87083-005 87083 20.600000 29.000000
PARTICIPANT87083-007 87083 29.000000 32.000000
PARTICIPANT87083-009 87083 35.600000 41.340000
PARTICIPANT87083-012 87083 46.900000 47.600000
PARTICIPANT87083-014 87083 51.400000 52.900000
PARTICIPANT87083-016 87083 53.800000 59.500000
PARTICIPANT87083-018 87083 60.300000 62.400000
PARTICIPANT87083-020 87083 62.400000 65.000000
PARTICIPANT87083-022 87083 70.100000 74.900000
PARTICIPANT87083-024 87083 75.000000 76.800000
PARTICIPANT87083-026 87083 98.900000 100.000000
PARTICIPANT87083-028 87083 101.800000 102.700000
PARTICIPANT87083-030 87083 105.900000 109.500000
PARTICIPANT87083-032 87083 112.700000 113.400000
PARTICIPANT87083-034 87083 118.000000 122.500000
PARTICIPANT87083-036 87083 125.500000 126.100000
PARTICIPANT87083-038 87083 139.500000 141.700000
PARTICIPANT87083-040 87083 150.200000 153.000000
PARTICIPANT87083-042 87083 160.800000 163.400000
PARTICIPANT87083-044 87083 164.600000 166.400000
PARTICIPANT87083-047 87083 200.900000 201.800000
PARTICIPANT87083-049 87083 208.900000 211.000000
PARTICIPANT87083-051 87083 211.550000 213.500000
PARTICIPANT87083-053 87083 217.000000 222.500000
PARTICIPANT87083-055 87083 223.800000 226.700000
PARTICIPANT87083-057 87083 229.550000 229.900000
PARTICIPANT87083-059 87083 243.100000 247.900000
PARTICIPANT87083-061 87083 248.100000 251.700000
PARTICIPANT87083-063 87083 258.400000 260.200000
PARTICIPANT87083-065 87083 261.000000 264.000000
PARTICIPANT91117-001 91117 6.300000 8.100000
PARTICIPANT91117-003 91117 10.300000 12.700000
PARTICIPANT91117-005 91117 16.170000 17.200000
PARTICIPANT91117-007 91117 17.740000 18.080000
PARTICIPANT91117-009 91117 19.950000 20.860000
PARTICIPANT91117-011 91117 21.800000 22.000000
PARTICIPANT91117-013 91117 23.400000 25.150000
