PARTICPANT84596-001 84596 11.400000 13.200000
PARTICPANT84596-003 84596 17.400000 18.000000
PARTICPANT84596-005 84596 21.100000 22.600000
PARTICPANT84596-007 84596 24.900000 25.600000
PARTICPANT84596-009 84596 26.400000 27.700000
PARTICPANT84596-011 84596 31.200000 31.900000
PARTICPANT84596-013 84596 33.000000 35.800000
PARTICPANT84596-015 84596 38.600000 39.000000
PARTICPANT84596-017 84596 42.200000 45.700000
PARTICPANT84596-019 84596 47.100000 53.600000
PARTICPANT84596-021 84596 58.700000 59.800000
PARTICPANT84596-023 84596 62.800000 73.400000
PARTICPANT84596-025 84596 73.400000 74.520000
PARTICPANT84596-027 84596 77.400000 78.500000
PARTICPANT84596-030 84596 81.100000 84.000000
PARTICPANT84596-032 84596 85.700000 86.600000
PARTICPANT84596-034 84596 89.500000 90.000000
PARTICPANT84596-036 84596 94.700000 96.760000
PARTICPANT84596-038 84596 97.900000 100.900000
PARTICPANT84596-040 84596 101.800000 102.000000
PARTICPANT84596-042 84596 102.800000 106.000000
PARTICPANT84596-044 84596 109.600000 110.500000
PARTICPANT84596-046 84596 111.300000 112.000000
PARTICPANT84596-048 84596 114.500000 115.160000
PARTICPANT84596-050 84596 118.300000 119.800000
PARTICPANT84596-052 84596 122.500000 123.800000
PARTICPANT84596-054 84596 124.300000 126.000000
PARTICPANT84596-056 84596 126.600000 133.800000
PARTICPANT84596-058 84596 134.400000 135.800000
PARTICPANT84596-060 84596 137.000000 138.500000
PARTICPANT84596-062 84596 143.300000 151.400000
PARTICPANT84596-065 84596 154.900000 155.700000
PARTICPANT84596-066 84596 156.100000 157.800000
PARTICPANT84596-068 84596 158.800000 160.200000
PARTICPANT84596-070 84596 161.600000 162.400000
PARTICPANT84596-072 84596 163.500000 164.800000
PARTICPANT84596-074 84596 168.800000 184.200000
PARTICPANT84596-075 84596 188.000000 188.500000
PARTICPANT84596-079 84596 193.200000 194.000000
PARTICPANT84596-081 84596 206.700000 214.700000
PARTICPANT84596-083 84596 216.600000 218.500000
PARTICPANT84596-085 84596 220.000000 220.600000
PARTICPANT84596-087 84596 226.100000 227.200000
PARTICPANT84596-090 84596 230.100000 231.400000
PARTICPANT84596-092 84596 233.750000 237.500000
PARTICPANT84596-095 84596 241.800000 242.300000
