PARTICIPANT01634-001 01634 16.300000 18.000000
PARTICIPANT01634-003 01634 21.000000 30.900000
PARTICIPANT01634-005 01634 31.800000 34.900000
PARTICIPANT01634-007 01634 35.600000 38.500000
PARTICIPANT01634-009 01634 39.200000 40.200000
PARTICIPANT01634-011 01634 41.300000 42.500000
PARTICIPANT01634-013 01634 44.000000 44.900000
PARTICIPANT01634-015 01634 48.000000 49.400000
PARTICIPANT01634-017 01634 51.200000 51.400000
PARTICIPANT01634-019 01634 52.900000 63.400000
PARTICIPANT01634-021 01634 64.100000 72.500000
PARTICIPANT01634-023 01634 73.000000 86.270000
PARTICIPANT01634-025 01634 88.100000 98.300000
PARTICIPANT01634-027 01634 98.900000 108.800000
PARTICIPANT01634-029 01634 110.100000 120.900000
PARTICIPANT01634-031 01634 121.900000 134.700000
PARTICIPANT01634-033 01634 135.800000 145.300000
PARTICIPANT01634-035 01634 147.300000 151.700000
PARTICIPANT01634-037 01634 152.500000 160.600000
PARTICIPANT01634-039 01634 161.000000 185.980000
PARTICIPANT01634-041 01634 186.900000 194.400000
PARTICIPANT01634-043 01634 201.300000 202.300000
PARTICIPANT01634-045 01634 210.200000 210.800000
PARTICIPANT01634-047 01634 218.900000 219.780000
PARTICIPANT01634-049 01634 223.370000 224.200000
PARTICIPANT01634-051 01634 226.800000 227.600000
PARTICIPANT01634-053 01634 228.100000 228.600000
PARTICIPANT01634-055 01634 229.600000 247.500000
PARTICIPANT01634-057 01634 248.100000 262.100000
PARTICIPANT01634-059 01634 266.400000 266.700000
PARTICIPANT01634-061 01634 274.000000 274.700000
PARTICIPANT01634-063 01634 283.800000 284.100000
PARTICIPANT01634-065 01634 286.500000 288.500000
PARTICIPANT01634-067 01634 289.000000 291.900000
PARTICIPANT01634-069 01634 291.900000 305.200000
