PARTCIPANT23789-001 23789 7.500000 7.900000
PARTCIPANT23789-003 23789 14.000000 14.600000
PARTCIPANT23789-005 23789 16.200000 17.500000
PARTCIPANT23789-007 23789 22.700000 24.600000
PARTCIPANT23789-009 23789 36.600000 40.600000
PARTCIPANT23789-011 23789 43.300000 43.700000
PARTCIPANT52080-001 52080 9.600000 10.400000
PARTCIPANT52080-003 52080 22.100000 25.300000
PARTCIPANT52080-006 52080 40.000000 40.500000
PARTCIPANT75256-001 75256 10.750000 14.400000
PARTCIPANT75256-003 75256 16.500000 17.900000
PARTCIPANT75256-006 75256 30.700000 32.220000
PARTCIPANT75256-008 75256 36.900000 41.750000
PARTCIPANT75256-010 75256 42.900000 43.950000
