PARTCIPANT23789-001 23789 7.500000 7.900000
PARTCIPANT23789-003 23789 14.000000 14.600000
PARTCIPANT23789-005 23789 16.200000 17.500000
PARTCIPANT23789-007 23789 22.700000 24.600000
PARTCIPANT23789-009 23789 36.600000 40.600000
PARTCIPANT23789-011 23789 43.300000 43.700000
PARTCIPANT75256-001 75256 10.750000 14.400000
PARTCIPANT75256-003 75256 16.500000 17.900000
PARTCIPANT75256-006 75256 30.700000 32.220000
PARTCIPANT75256-008 75256 36.900000 41.750000
PARTCIPANT75256-010 75256 42.900000 43.950000
PARTCIPANT82975-001 82975 11.500000 13.400000
PARTCIPANT82975-003 82975 14.900000 16.100000
PARTCIPANT82975-005 82975 18.400000 19.700000
PARTCIPANT82975-007 82975 23.200000 26.300000
PARTCIPANT82975-009 82975 27.000000 29.000000
PARTCIPANT82975-011 82975 31.900000 32.900000
PARTCIPANT82975-013 82975 33.900000 35.500000
PARTCIPANT82975-015 82975 36.400000 36.800000
PARTCIPANT82975-017 82975 37.700000 38.400000
PARTCIPANT82975-019 82975 39.300000 40.600000
PARTCIPANT82975-021 82975 43.700000 44.000000
PARTICIPANT01634-001 01634 16.300000 18.000000
PARTICIPANT01634-003 01634 21.000000 30.900000
PARTICIPANT01634-005 01634 31.800000 34.900000
PARTICIPANT01634-007 01634 35.600000 38.500000
PARTICIPANT01634-009 01634 39.200000 40.200000
PARTICIPANT01634-011 01634 41.300000 42.500000
PARTICIPANT01634-013 01634 44.000000 44.900000
PARTICIPANT01634-015 01634 48.000000 49.400000
PARTICIPANT01634-017 01634 51.200000 51.400000
PARTICIPANT01634-019 01634 52.900000 63.400000
PARTICIPANT01634-021 01634 64.100000 72.500000
PARTICIPANT01634-023 01634 73.000000 86.270000
PARTICIPANT01634-025 01634 88.100000 98.300000
PARTICIPANT01634-027 01634 98.900000 108.800000
PARTICIPANT01634-029 01634 110.100000 120.900000
PARTICIPANT01634-031 01634 121.900000 134.700000
PARTICIPANT01634-033 01634 135.800000 145.300000
PARTICIPANT01634-035 01634 147.300000 151.700000
PARTICIPANT01634-037 01634 152.500000 160.600000
PARTICIPANT01634-039 01634 161.000000 185.980000
PARTICIPANT01634-041 01634 186.900000 194.400000
PARTICIPANT01634-043 01634 201.300000 202.300000
PARTICIPANT01634-045 01634 210.200000 210.800000
PARTICIPANT01634-047 01634 218.900000 219.780000
PARTICIPANT01634-049 01634 223.370000 224.200000
PARTICIPANT01634-051 01634 226.800000 227.600000
PARTICIPANT01634-053 01634 228.100000 228.600000
PARTICIPANT01634-055 01634 229.600000 247.500000
PARTICIPANT01634-057 01634 248.100000 262.100000
PARTICIPANT01634-059 01634 266.400000 266.700000
PARTICIPANT01634-061 01634 274.000000 274.700000
PARTICIPANT01634-063 01634 283.800000 284.100000
PARTICIPANT01634-065 01634 286.500000 288.500000
PARTICIPANT01634-067 01634 289.000000 291.900000
PARTICIPANT01634-069 01634 291.900000 305.200000
PARTICIPANT14630-002 14630 22.500000 33.300000
PARTICIPANT14630-004 14630 36.500000 45.330000
PARTICIPANT20221-001 20221 9.600000 10.950000
PARTICIPANT20221-003 20221 18.300000 25.250000
PARTICIPANT20221-005 20221 26.150000 26.600000
PARTICIPANT20221-007 20221 28.300000 29.200000
PARTICIPANT20221-009 20221 30.400000 30.970000
PARTICIPANT20221-011 20221 31.990000 32.830000
PARTICIPANT20221-013 20221 33.100000 34.950000
PARTICIPANT29758-001 29758 12.650000 16.990000
PARTICIPANT29758-003 29758 19.100000 24.000000
PARTICIPANT29758-005 29758 25.400000 27.150000
PARTICIPANT29758-007 29758 28.700000 30.700000
PARTICIPANT29758-009 29758 31.100000 34.400000
PARTICIPANT29758-011 29758 42.570000 53.700000
PARTICIPANT29758-013 29758 57.300000 57.990000
PARTICIPANT29758-015 29758 58.200000 59.700000
PARTICIPANT46352-001 46352 7.100000 8.450000
PARTICIPANT46352-003 46352 11.350000 19.500000
PARTICIPANT46352-005 46352 20.400000 23.360000
PARTICIPANT46352-007 46352 26.850000 28.250000
PARTICIPANT46352-009 46352 28.250000 29.700000
PARTICIPANT52053-001 52053 8.000000 10.150000
PARTICIPANT52053-003 52053 12.300000 13.600000
PARTICIPANT52053-005 52053 16.400000 17.480000
PARTICIPANT52053-007 52053 18.600000 19.500000
PARTICIPANT52053-009 52053 22.600000 26.000000
PARTICIPANT52053-011 52053 34.900000 41.000000
PARTICIPANT52053-013 52053 41.500000 44.500000
PARTICIPANT52053-015 52053 48.600000 49.300000
PARTICIPANT52053-017 52053 50.000000 50.700000
PARTICIPANT52053-019 52053 58.800000 61.700000
PARTICIPANT52053-021 52053 66.650000 67.000000
PARTICIPANT52053-023 52053 67.900000 70.100000
PARTICIPANT52053-025 52053 70.700000 71.300000
PARTICIPANT52053-027 52053 72.300000 72.600000
PARTICIPANT52053-029 52053 76.200000 84.000000
PARTICIPANT59826-001 59826 11.600000 13.300000
PARTICIPANT59826-003 59826 17.800000 26.700000
PARTICIPANT59826-005 59826 40.600000 41.050000
PARTICIPANT69573-001 69573 5.300000 12.600000
PARTICIPANT69573-003 69573 13.800000 14.750000
PARTICIPANT69573-005 69573 20.370000 23.000000
PARTICIPANT69573-007 69573 25.760000 29.670000
PARTICIPANT69573-009 69573 30.000000 33.200000
PARTICIPANT69573-011 69573 35.500000 36.500000
PARTICIPANT69573-013 69573 45.000000 46.400000
PARTICIPANT69573-015 69573 47.000000 48.700000
PARTICIPANT69573-017 69573 52.800000 58.800000
PARTICIPANT69573-019 69573 64.000000 65.000000
PARTICIPANT69573-021 69573 65.770000 66.320000
PARTICIPANT69573-023 69573 68.000000 79.000000
PARTICIPANT69573-025 69573 79.900000 80.600000
PARTICIPANT69573-027 69573 82.400000 84.170000
PARTICIPANT69573-029 69573 88.300000 91.660000
PARTICIPANT69573-031 69573 93.240000 99.100000
PARTICIPANT69573-033 69573 99.840000 101.100000
PARTICIPANT69573-035 69573 102.000000 103.200000
PARTICIPANT69573-037 69573 107.200000 109.170000
PARTICIPANT69573-039 69573 113.440000 115.500000
PARTICIPANT69695-001 69695 44.830000 45.750000
PARTICIPANT69695-003 69695 50.870000 52.000000
PARTICIPANT69695-005 69695 54.400000 55.400000
PARTICIPANT69695-007 69695 55.700000 56.300000
PARTICIPANT69695-011 69695 62.300000 62.500000
PARTICIPANT69695-014 69695 64.850000 71.540000
PARTICIPANT69695-019 69695 85.970000 86.750000
PARTICIPANT69695-021 69695 88.300000 95.100000
PARTICIPANT69695-023 69695 95.500000 99.000000
PARTICIPANT69695-025 69695 99.900000 102.200000
PARTICIPANT69695-027 69695 102.750000 104.400000
PARTICIPANT69695-029 69695 106.200000 109.700000
PARTICIPANT69695-031 69695 110.100000 112.950000
PARTICIPANT69695-033 69695 113.200000 114.500000
PARTICIPANT69695-035 69695 115.200000 117.500000
PARTICIPANT69695-037 69695 119.200000 125.100000
PARTICIPANT69695-039 69695 125.500000 126.500000
PARTICIPANT69695-041 69695 128.900000 132.600000
PARTICIPANT69695-043 69695 137.700000 138.500000
PARTICIPANT69695-045 69695 139.300000 141.970000
PARTICIPANT69695-047 69695 142.300000 147.000000
PARTICIPANT69695-049 69695 150.970000 151.500000
PARTICIPANT69695-051 69695 152.650000 153.300000
PARTICIPANT69695-055 69695 168.200000 172.300000
PARTICIPANT69695-057 69695 172.900000 181.100000
PARTICIPANT69695-059 69695 181.790000 186.900000
PARTICIPANT69695-061 69695 187.400000 197.400000
PARTICIPANT69695-063 69695 197.900000 207.900000
PARTICIPANT69695-065 69695 208.400000 212.500000
PARTICIPANT69695-067 69695 213.000000 220.600000
PARTICIPANT69695-069 69695 221.400000 228.900000
PARTICIPANT69695-071 69695 229.500000 244.570000
PARTICIPANT69695-073 69695 245.500000 246.550000
PARTICIPANT69695-075 69695 247.500000 248.280000
PARTICIPANT69695-077 69695 249.400000 252.000000
PARTICIPANT69695-079 69695 252.600000 257.900000
PARTICIPANT71834-001 71834 15.900000 34.700000
PARTICIPANT71834-003 71834 35.800000 43.600000
PARTICIPANT71834-004 71834 44.700000 61.000000
PARTICIPANT71834-006 71834 62.000000 62.700000
PARTICIPANT71834-008 71834 66.800000 68.300000
PARTICIPANT71834-010 71834 69.000000 70.000000
PARTICIPANT71834-012 71834 71.000000 75.000000
PARTICIPANT71834-014 71834 75.100000 76.000000
PARTICIPANT71834-016 71834 78.400000 79.500000
PARTICIPANT71834-018 71834 83.800000 84.400000
PARTICIPANT71834-020 71834 85.500000 86.700000
PARTICIPANT76883-001 76883 19.300000 21.900000
PARTICIPANT76883-003 76883 25.000000 26.100000
PARTICIPANT76883-005 76883 26.800000 31.850000
PARTICIPANT76883-007 76883 32.400000 34.800000
PARTICIPANT76883-009 76883 37.700000 38.100000
PARTICIPANT76883-011 76883 39.200000 41.400000
PARTICIPANT78080-001 78080 5.500000 16.300000
PARTICIPANT78080-003 78080 18.400000 21.970000
PARTICIPANT78080-005 78080 23.900000 25.100000
PARTICIPANT78080-007 78080 27.600000 28.700000
PARTICIPANT78080-009 78080 37.850000 42.480000
PARTICIPANT78080-011 78080 44.300000 48.900000
PARTICIPANT78080-013 78080 49.900000 51.880000
PARTICIPANT78971-001 78971 7.300000 8.100000
PARTICIPANT78971-003 78971 17.200000 19.800000
PARTICIPANT78971-005 78971 23.600000 24.700000
PARTICIPANT78971-007 78971 29.400000 32.000000
PARTICIPANT87083-001 87083 7.900000 10.300000
PARTICIPANT87083-003 87083 13.000000 17.800000
PARTICIPANT87083-005 87083 20.600000 29.000000
PARTICIPANT87083-007 87083 29.000000 32.000000
PARTICIPANT87083-009 87083 35.600000 41.340000
PARTICIPANT87083-012 87083 46.900000 47.600000
PARTICIPANT87083-014 87083 51.400000 52.900000
PARTICIPANT87083-016 87083 53.800000 59.500000
PARTICIPANT87083-018 87083 60.300000 62.400000
PARTICIPANT87083-020 87083 62.400000 65.000000
PARTICIPANT87083-022 87083 70.100000 74.900000
PARTICIPANT87083-024 87083 75.000000 76.800000
PARTICIPANT87083-026 87083 98.900000 100.000000
PARTICIPANT87083-028 87083 101.800000 102.700000
PARTICIPANT87083-030 87083 105.900000 109.500000
PARTICIPANT87083-032 87083 112.700000 113.400000
PARTICIPANT87083-034 87083 118.000000 122.500000
PARTICIPANT87083-036 87083 125.500000 126.100000
PARTICIPANT87083-038 87083 139.500000 141.700000
PARTICIPANT87083-040 87083 150.200000 153.000000
PARTICIPANT87083-042 87083 160.800000 163.400000
PARTICIPANT87083-044 87083 164.600000 166.400000
PARTICIPANT87083-047 87083 200.900000 201.800000
PARTICIPANT87083-049 87083 208.900000 211.000000
PARTICIPANT87083-051 87083 211.550000 213.500000
PARTICIPANT87083-053 87083 217.000000 222.500000
PARTICIPANT87083-055 87083 223.800000 226.700000
PARTICIPANT87083-057 87083 229.550000 229.900000
PARTICIPANT87083-059 87083 243.100000 247.900000
PARTICIPANT87083-061 87083 248.100000 251.700000
PARTICIPANT87083-063 87083 258.400000 260.200000
PARTICIPANT87083-065 87083 261.000000 264.000000
PARTICIPANT91117-001 91117 6.300000 8.100000
PARTICIPANT91117-003 91117 10.300000 12.700000
PARTICIPANT91117-005 91117 16.170000 17.200000
PARTICIPANT91117-007 91117 17.740000 18.080000
PARTICIPANT91117-009 91117 19.950000 20.860000
PARTICIPANT91117-011 91117 21.800000 22.000000
PARTICIPANT91117-013 91117 23.400000 25.150000
PARTICPANT84596-001 84596 11.400000 13.200000
PARTICPANT84596-003 84596 17.400000 18.000000
PARTICPANT84596-005 84596 21.100000 22.600000
PARTICPANT84596-007 84596 24.900000 25.600000
PARTICPANT84596-009 84596 26.400000 27.700000
PARTICPANT84596-011 84596 31.200000 31.900000
PARTICPANT84596-013 84596 33.000000 35.800000
PARTICPANT84596-015 84596 38.600000 39.000000
PARTICPANT84596-017 84596 42.200000 45.700000
PARTICPANT84596-019 84596 47.100000 53.600000
PARTICPANT84596-021 84596 58.700000 59.800000
PARTICPANT84596-023 84596 62.800000 73.400000
PARTICPANT84596-025 84596 73.400000 74.520000
PARTICPANT84596-027 84596 77.400000 78.500000
PARTICPANT84596-030 84596 81.100000 84.000000
PARTICPANT84596-032 84596 85.700000 86.600000
PARTICPANT84596-034 84596 89.500000 90.000000
PARTICPANT84596-036 84596 94.700000 96.760000
PARTICPANT84596-038 84596 97.900000 100.900000
PARTICPANT84596-040 84596 101.800000 102.000000
PARTICPANT84596-042 84596 102.800000 106.000000
PARTICPANT84596-044 84596 109.600000 110.500000
PARTICPANT84596-046 84596 111.300000 112.000000
PARTICPANT84596-048 84596 114.500000 115.160000
PARTICPANT84596-050 84596 118.300000 119.800000
PARTICPANT84596-052 84596 122.500000 123.800000
PARTICPANT84596-054 84596 124.300000 126.000000
PARTICPANT84596-056 84596 126.600000 133.800000
PARTICPANT84596-058 84596 134.400000 135.800000
PARTICPANT84596-060 84596 137.000000 138.500000
PARTICPANT84596-062 84596 143.300000 151.400000
PARTICPANT84596-065 84596 154.900000 155.700000
PARTICPANT84596-066 84596 156.100000 157.800000
PARTICPANT84596-068 84596 158.800000 160.200000
PARTICPANT84596-070 84596 161.600000 162.400000
PARTICPANT84596-072 84596 163.500000 164.800000
PARTICPANT84596-074 84596 168.800000 184.200000
PARTICPANT84596-075 84596 188.000000 188.500000
PARTICPANT84596-079 84596 193.200000 194.000000
PARTICPANT84596-081 84596 206.700000 214.700000
PARTICPANT84596-083 84596 216.600000 218.500000
PARTICPANT84596-085 84596 220.000000 220.600000
PARTICPANT84596-087 84596 226.100000 227.200000
PARTICPANT84596-090 84596 230.100000 231.400000
PARTICPANT84596-092 84596 233.750000 237.500000
PARTICPANT84596-095 84596 241.800000 242.300000
