PARTICIPANT78971-001 78971 7.300000 8.100000
PARTICIPANT78971-003 78971 17.200000 19.800000
PARTICIPANT78971-005 78971 23.600000 24.700000
PARTICIPANT78971-007 78971 29.400000 32.000000
PARTICIPANT91117-001 91117 6.300000 8.100000
PARTICIPANT91117-003 91117 10.300000 12.700000
PARTICIPANT91117-005 91117 16.170000 17.200000
PARTICIPANT91117-007 91117 17.740000 18.080000
PARTICIPANT91117-009 91117 19.950000 20.860000
PARTICIPANT91117-011 91117 21.800000 22.000000
PARTICIPANT91117-013 91117 23.400000 25.150000
