PARTICIPANT52053-001 52053 8.000000 10.150000
PARTICIPANT52053-003 52053 12.300000 13.600000
PARTICIPANT52053-005 52053 16.400000 17.480000
PARTICIPANT52053-007 52053 18.600000 19.500000
PARTICIPANT52053-009 52053 22.600000 26.000000
PARTICIPANT52053-011 52053 34.900000 41.000000
PARTICIPANT52053-013 52053 41.500000 44.500000
PARTICIPANT52053-015 52053 48.600000 49.300000
PARTICIPANT52053-017 52053 50.000000 50.700000
PARTICIPANT52053-019 52053 58.800000 61.700000
PARTICIPANT52053-021 52053 66.650000 67.000000
PARTICIPANT52053-023 52053 67.900000 70.100000
PARTICIPANT52053-025 52053 70.700000 71.300000
PARTICIPANT52053-027 52053 72.300000 72.600000
PARTICIPANT52053-029 52053 76.200000 84.000000
PARTICIPANT59826-001 59826 11.600000 13.300000
PARTICIPANT59826-003 59826 17.800000 26.700000
PARTICIPANT59826-005 59826 40.600000 41.050000
