PARTICIPANT71834-001 71834 15.900000 34.700000
PARTICIPANT71834-003 71834 35.800000 43.600000
PARTICIPANT71834-004 71834 44.700000 61.000000
PARTICIPANT71834-006 71834 62.000000 62.700000
PARTICIPANT71834-008 71834 66.800000 68.300000
PARTICIPANT71834-010 71834 69.000000 70.000000
PARTICIPANT71834-012 71834 71.000000 75.000000
PARTICIPANT71834-014 71834 75.100000 76.000000
PARTICIPANT71834-016 71834 78.400000 79.500000
PARTICIPANT71834-018 71834 83.800000 84.400000
PARTICIPANT71834-020 71834 85.500000 86.700000
PARTICIPANT76883-001 76883 19.300000 21.900000
PARTICIPANT76883-003 76883 25.000000 26.100000
PARTICIPANT76883-005 76883 26.800000 31.850000
PARTICIPANT76883-007 76883 32.400000 34.800000
PARTICIPANT76883-009 76883 37.700000 38.100000
PARTICIPANT76883-011 76883 39.200000 41.400000
